236 10011101

Κο101011,00,
110011111110010101, 06.
- Kammh K, 06.
10900,Μο 227,N
0111110000.
—- ΚΜ1111111 11, 09
- 1100011009191, 09
Kabom, 00.
Kardebeoedicht‚ 05.

5010000000, 05.
1101101111, 04.

1101131οε, 41.
110110119ιῆ0, 40.

1100001101, 50.
11101111οῐ11, 0111, 09
- 11101111060119, 06.
- 1011 K
Κ1011101,06.
1111111011,ι 19
1101101101, 50.
110010111010, 08.
1101101111, 54.
1101, 05.
Κο11119111111, 08.
1101001110101, 08.
110104 0111, 58.
11001100011, 08.
1100110190, 09
1109191111, 5ο.
1101011, 1011 11. ,09
1101001101, 09.
110110101,46.
11010, 35.
¹ 110109190, 55.
1101010901, 56.
1110919), 50.
111110, 09.
11101019010,40.
111191111110010,49
1119111101 111101, 04.
11ιο1101,101111101,00.
111011010101, 00
11101101, 59·

namin, ssmd 1,, 00
- spis-K, 30.
1111110113
‚662² 01· ²⁵
1101011011-Κο110, 05.

1.

Inger, 39.

1091111110, 58.
1011110,1.0111111101, 54.
1011001101, 58.

Lej 00111011, 59.
[1610110110 ,59.

Ι.10, 59. ”
110 00, 65.
1011001101091μ4

M

111011, 40.

1101011, 15.

51001101,1111101 11.,15.
-10111.,15.

Manna, 41.

51010101, 111111, 41.

1105160111, 55.

Μο511110, 06.

’110 51110501, 59.

11051111 ,4.1

1104111111, 40.

11101111,1]11100·111., 40.

1111011111, 40.

1190111, 1101110111, 58.

11“9010011.1,65.

M'ulkbar mna M q ⁴2·
0100111101, 61.

11001101, 44.

- 111. 11011110, 44.

- Μ. 1110101110, 44.
1190101101 11., 40. ,

 

